# x_path held_b1_THz held_b2_THz held_b3_THz
0.0000000000 0.0000001098 0.0000001696 0.0000001925
0.0430945482 0.3542204141 0.3542204141 0.7149439846
0.0861890965 0.7080862407 0.7080862407 1.4275361121
0.1292836447 1.0612458946 1.0612458946 2.1354401589
0.1723781930 1.4133537451 1.4133537451 2.8363510746
0.2154727412 1.7640729694 1.7640729694 3.5280103322
0.2585672895 2.1130782571 2.1130782571 4.2082209973
0.3016618377 2.4600583221 2.4600583221 4.8748624213
0.3447563860 2.8047181748 2.8047181748 5.5259044700
0.3878509342 3.1467811159 3.1467811159 6.1594211939
0.4309454825 3.4859904123 3.4859904123 6.7736038552
0.4740400307 3.8221106234 3.8221106234 7.3667732210
0.5171345790 4.1549285493 4.1549285493 7.9373910390
0.5602291272 4.4842537766 4.4842537766 8.4840706116
0.6033236755 4.8099188085 4.8099188085 9.0055863840
0.6464182237 5.1317787673 5.1317787673 9.5008824670
0.6895127720 5.4497106678 5.4497106678 9.9690800106
0.7326073202 5.7636122691 5.7636122691 10.4094833517
0.7757018685 6.0734005163 6.0734005163 10.8215848518
0.8187964167 6.3790095971 6.3790095971 11.2050683467
0.8618909650 6.6803886418 6.6803886418 11.5598111254
0.9049855132 6.9774991081 6.9774991081 11.8858843568
0.9480800615 7.2703118950 7.2703118950 12.1835518807
0.9911746097 7.5588042407 7.5588042407 12.4532672801
1.0342691580 7.8429564641 7.8429564641 12.6956691528
1.0773637062 8.1227486139 8.1227486139 12.9115745015
1.1204582544 8.3981570934 8.3981570934 13.1019701692
1.1635528027 8.6691513315 8.6691513315 13.2680022546
1.2066473509 8.9356905692 8.9356905692 13.4109634573
1.2497418992 9.1977208310 9.1977208310 13.5322783266
1.2928364474 9.4551721462 9.4551721462 13.6334864170
1.3359309957 9.7079560812 9.7079560812 13.7162233969
1.3790255439 9.9559636364 9.9559636364 13.7822002117
1.4221200922 10.1990635542 10.1990635542 13.8331804663
1.4652146404 10.4371010758 10.4371010758 13.8709562770
1.5083091887 10.6698971733 10.6698971733 13.8973229264
1.5514037369 10.8972482767 10.8972482767 13.9140527600
1.5944982852 11.1189264995 11.1189264995 13.9228688566
1.6375928334 11.3346803624 11.3346803624 13.9254191032
1.6806873817 11.5442360003 11.5442360003 13.9232513829
1.7237819299 11.7472988295 11.7472988295 13.9177906397
1.7668764782 11.9435556450 11.9435556450 13.9103186033
1.8099710264 12.1326771093 12.1326771093 13.9019569314
1.8530655747 12.3143205868 12.3143205868 13.8936544571
1.8961601229 12.4881332763 12.4881332763 13.8861790993
1.9392546712 12.6537555866 12.6537555866 13.8801148295
1.9823492194 12.8108246998 12.8108246998 13.8758638760
2.0254437677 12.9589782656 12.9589782656 13.8736541220
2.0685383159 13.0978581686 13.0978581686 13.8735514172
2.1116328642 13.2271143119 13.2271143119 13.8754763043
2.1547274124 13.3464083624 13.3464083624 13.8792244713
2.1978219607 13.4554174033 13.4554174033 13.8844900951
2.2409165089 13.5538374461 13.5538374461 13.8908911456
2.2840110571 13.6413867523 13.6413867523 13.8979956787
2.3271056054 13.7178089249 13.7178089249 13.9053481529
2.3702001536 13.7828757285 13.7828757285 13.9124948564
2.4132947019 13.8363896044 13.8363896044 13.9190076116
2.4563892501 13.8781858499 13.8781858499 13.9245050306
2.4994837984 13.9081344372 13.9081344372 13.9286707112
2.5425783466 13.9261414492 13.9261414492 13.9312678811
2.5856728949 13.9321501175 13.9321501175 13.9321501175
2.6161453422 13.9278350947 13.9291452798 13.9330177958
2.6466177895 13.9148915509 13.9201342363 13.9356310026
2.6770902368 13.8933240737 13.9051274074 13.9400200647
2.7075626841 13.8631403526 13.8841422004 13.9462348995
2.7380351314 13.8243512438 13.8572030692 13.9543440812
2.7685075787 13.7769708614 13.8243415979 13.9644335494
2.7989800260 13.7210166931 13.7855966085 13.9766049749
2.8294524733 13.6565097408 13.7410142929 13.9909738020
2.8599249206 13.5834746864 13.6906483683 14.0076669944
2.8903973679 13.5019400795 13.6345602579 14.0268205109
2.9208698152 13.4119385503 13.5728192952 14.0485765483
2.9513422625 13.3135070431 13.5055029530 14.0730805874
2.9818147098 13.2066870730 13.4326970973 14.1004782878
3.0122871571 13.0915250027 13.3544962658 14.1309122765
3.0427596044 12.9680723417 13.2710039717 14.1645188816
3.0732320517 12.8363860645 13.1823330326 14.2014248641
3.1037044990 12.6965289503 13.0886059252 14.2417442013
3.1341769463 12.5485699434 12.9899551651 14.2855749780
3.1646493936 12.3925845351 12.8865237132 14.3329964385
3.1951218409 12.2286551671 12.7784654070 14.3840662521
3.2255942881 12.0568716601 12.6659454184 14.4388180405
3.2560667354 11.8773316682 12.5491407370 14.4972592109
3.2865391827 11.6901411632 12.4282406776 14.5593691328
3.3170116300 11.4954149521 12.3034474134 14.6250976888
3.3474840773 11.2932772357 12.1749765308 14.6943642244
3.3779565246 11.0838622126 12.0430576059 14.7670569080
3.4084289719 10.8673147411 11.9079347997 14.8430325118
3.4389014192 10.6437910686 11.7698674678 14.9221166068
3.4693738665 10.4134596456 11.6291307808 15.0041041645
3.4998463138 10.1765020423 11.4860163484 15.0887605459
3.5303187611 9.9331139938 11.3408328398 15.1758228530
3.5607912084 9.6835066034 11.1939065903 15.2650016130
3.5912636557 9.4279077446 11.0455821795 15.3559827597
3.6217361030 9.1665637114 10.8962229688 15.4484298753
3.6522085503 8.8997411810 10.7462115745 15.5419866504
3.6826809976 8.6277295709 10.5959502563 15.6362795241
3.7131534449 8.3508438951 10.4458611900 15.7309204611
3.7436258922 8.0694282562 10.2963865935 15.8255098280
3.7740983395 7.7838601494 10.1479886648 15.9196393304
3.8045707868 7.4945558082 10.0011492883 16.0128949755
3.8350432341 7.2019768935 9.8563694585 16.1048600299
3.8655156814 6.9066389198 9.7141683654 16.1951179413
3.8959881287 6.6091219421 9.5750820808 16.2832552007
3.9264605760 6.3100841863 9.4396617839 16.3688641225
3.9569330233 6.0102795294 9.3084714622 16.4515455235
3.9874054706 5.7105800083 9.1820850284 16.5309112853
4.0178779179 5.4120048864 9.0610828013 16.6065867881
4.0483503652 5.1157582021 8.9460473127 16.6782132052
4.0788228125 4.8232771281 8.8375584199 16.7454496506
4.1092952598 4.5362937180 8.7361877320 16.8079751735
4.1397677071 4.2569123736 8.6424923912 16.8654905970
4.1702401544 3.9877038911 8.5570082882 16.9177201964
4.2007126017 3.7318128701 8.4802428365 16.9644132171
4.2311850490 3.4930662715 8.4126674757 17.0053452302
4.2616574963 3.2760539434 8.3547101163 17.0403193275
4.2921299436 3.0861251279 8.3067477771 17.0691671534
4.3226023909 2.9292136528 8.2690996889 17.0917497773
4.3530748382 2.8113920468 8.2420211503 17.1079584056
4.3835472855 2.7381078752 8.2256984090 17.1177149345
4.4140197328 2.7132132303 8.2202448110 17.1209723439
4.4444921801 2.7118483048 8.2184274964 17.1184622257
4.4749646274 2.7077567284 8.2129699083 17.1109089588
4.5054370747 2.7009480913 8.2038551749 17.0982440641
4.5359095220 2.6914383402 8.1910553810 17.0803542647
4.5663819693 2.6792497235 8.1745318705 17.0570827549
4.5968544166 2.6644107149 8.1542356665 17.0282309452
4.6273268639 2.6469559141 8.1301080011 16.9935606586
4.6577993112 2.6269259275 8.1020809504 16.9527967412
4.6882717585 2.6043672265 8.0700781663 16.9056300471
4.7187442058 2.5793319850 8.0340156966 16.8517207531
4.7492166531 2.5518778959 7.9938028843 16.7907019554
4.7796891004 2.5220679675 7.9493433359 16.7221834975
4.8101615477 2.4899702992 7.9005359479 16.6457559782
4.8406339950 2.4556578375 7.8472759819 16.5609948902
4.8711064423 2.4192081131 7.7894561749 16.4674648386
4.9015788896 2.3807029581 7.7269678772 16.3647237924
4.9320513369 2.3402282057 7.6597022043 16.2523273243
4.9625237842 2.2978733710 7.5875511938 16.1298327979
4.9929962315 2.2537313155 7.5104089577 15.9968034647
5.0234686788 2.2078978935 7.4281728189 15.8528124376
5.0539411261 2.1604715836 7.3407444257 15.6974465116
5.0844135734 2.1115531038 7.2480308334 15.5303098069
5.1148860206 2.0612450126 7.1499455481 15.3510272132
5.1453584679 2.0096512956 7.0464095236 15.1592476181
5.1758309152 1.9568769397 6.9373521078 14.9546469059
5.2063033625 1.9030274953 6.8227119314 14.7369307175
5.2367758098 1.8482086269 6.7024377358 14.5058369632
5.2672482571 1.7925256551 6.5764891357 14.2611380840
5.2977207044 1.7360830896 6.4448373138 14.0026430609
5.3281931517 1.6789841555 6.3074656448 13.7301991697
5.3586655990 1.6213303147 6.1643702466 13.4436934852
5.3891380463 1.5632207843 6.0155604588 13.1430541373
5.4196104936 1.5047520532 5.8610592459 12.8282513228
5.4500829409 1.4460174007 5.7009035262 12.4992980798
5.4805553882 1.3871064194 5.5351444261 12.1562508293
5.5110278355 1.3281045444 5.3638474600 11.7992096929
5.5415002828 1.2690925939 5.1870926380 11.4283185923
5.5719727301 1.2101463232 5.0049745007 11.0437651391
5.6024451774 1.1513359982 4.8176020841 10.6457803235
5.6329176247 1.0927259911 4.6250988152 10.2346380092
5.6633900720 1.0343744039 4.4276023422 9.8106542437
5.6938625193 0.9763327264 4.2252642979 9.3741863922
5.7243349666 0.9186455316 4.0182500032 8.9256321031
5.7548074139 0.8613502171 3.8067381085 8.4654281153
5.7852798612 0.8044767967 3.5909201796 7.9940489134
5.8157523085 0.7480477496 3.3710002277 7.5120052417
5.8462247558 0.6920779319 3.1471941888 7.0198424840
5.8766972031 0.6365745575 2.9197293530 6.5181389180
5.9071696504 0.5815372527 2.6888437492 6.0075038533
5.9376420977 0.5269581894 2.4547854859 5.4885756605
5.9681145450 0.4728222995 2.2178120524 4.9620197010
5.9985869923 0.4191075751 1.9781895843 4.4285261640
6.0290594396 0.3657854524 1.7361920943 3.8888078218
6.0595318869 0.3128212807 1.4921006738 3.3435977084
6.0900043342 0.2601748733 1.2462026669 2.7936467333
6.1204767815 0.2078011352 0.9987908217 2.2397212355
6.1509492288 0.1556507624 0.7501624200 1.6826004883
6.1814216761 0.1036710028 0.5006183914 1.1230741626
6.2118941234 0.0518064704 0.2504624132 0.5619397564
6.2423665707 0.0000001098 0.0000001696 0.0000001925
6.2796875442 0.1845918543 0.1845918543 0.7095751464
6.3170085178 0.3693899860 0.3693899860 1.4173303162
6.3543294913 0.5545969682 0.5545969682 2.1214560078
6.3916504649 0.7404080646 0.7404080646 2.8201635885
6.4289714384 0.9270078184 0.9270078184 3.5116955288
6.4662924120 1.1145669218 1.1145669218 4.1943353965
6.5036133855 1.3032394447 1.3032394447 4.8664175320
6.5409343591 1.4931604848 1.4931604848 5.5263363296
6.5782553326 1.6844442882 1.6844442882 6.1725550470
6.6155763062 1.8771828724 1.8771828724 6.8036140718
6.6528972797 2.0714451698 2.0714451698 7.4181385731
6.6902182533 2.2672766895 2.2672766895 8.0148454713
6.7275392268 2.4646996855 2.4646996855 8.5925496608
6.7648602004 2.6637138028 2.6637138028 9.1501694249
6.8021811739 2.8642971633 2.8642971633 9.6867309871
6.8395021474 3.0664078430 3.0664078430 10.2013721470
6.8768231210 3.2699856852 3.2699856852 10.6933449541
6.9141440945 3.4749543898 3.4749543898 11.1620173805
6.9514650681 3.6812238139 3.6812238139 11.6068739597
6.9887860416 3.8886924185 3.8886924185 12.0275153650
7.0261070152 4.0972497949 4.0972497949 12.4236569129
7.0634279887 4.3067792068 4.3067792068 12.7951259839
7.1007489623 4.5171600843 4.5171600843 13.1418583648
7.1380699358 4.7282704113 4.7282704113 13.4638935291
7.1753909094 4.9399889514 4.9399889514 13.7613688844
7.2127118829 5.1521972596 5.1521972596 14.0345130306
7.2500328565 5.3647814384 5.3647814384 14.2836380866
7.2873538300 5.5776335956 5.5776335956 14.5091311621
7.3246748036 5.7906529747 5.7906529747 14.7114450651
7.3619957771 6.0037467312 6.0037467312 14.8910883542
7.3993167507 6.2168303376 6.2168303376 15.0486148639
7.4366377242 6.4298276096 6.4298276096 15.1846128449
7.4739586978 6.6426703503 6.6426703503 15.2996938789
7.5112796713 6.8552976224 6.8552976224 15.3944817429
7.5486006448 7.0676546635 7.0676546635 15.4696014061
7.5859216184 7.2796914714 7.2796914714 15.5256683546
7.6232425919 7.4913610906 7.4913610906 15.5632784409
7.6605635655 7.7026176440 7.7026176440 15.5829984562
7.6978845390 7.9134141563 7.9134141563 15.5853576183
7.7352055126 8.1237002242 8.1237002242 15.5708401561
7.7725264861 8.3334195933 8.3334195933 15.5398791567
7.8098474597 8.5425077046 8.5425077046 15.4928518170
7.8471684332 8.7508892753 8.7508892753 15.4300762190
7.8844894068 8.9584759799 8.9584759799 15.3518097112
7.9218103803 9.1651642958 9.1651642958 15.2582489517
7.9591313539 9.3708335745 9.3708335745 15.1495316266
7.9964523274 9.5753443955 9.5753443955 15.0257398264
8.0337733010 9.7785372530 9.7785372530 14.8869050260
8.0710942745 9.9802316200 9.9802316200 14.7330145839
8.1084152481 10.1802254238 10.1802254238 14.5640196482
8.1457362216 10.3782949595 10.3782949595 14.3798443386
8.1830571952 10.5741952594 10.5741952594 14.1803960562
8.2203781687 10.7676609226 10.7676609226 13.9655767695
8.2576991423 10.9584074058 10.9584074058 13.7352951275
8.2950201158 11.1461327608 11.1461327608 13.4894792619
8.3323410893 11.3305198005 11.3305198005 13.2280901656
8.3696620629 11.5112386642 11.5112386642 12.9511355628
8.4069830364 11.6879497490 11.6879497490 12.6586842376
8.4443040100 11.8603069646 11.8603069646 12.3508808405
8.4816249835 12.0279612687 12.0279612687 12.0279612687
8.5189459571 11.6902688095 12.1905644305 12.1905644305
8.5562669306 11.3382713493 12.3477729728 12.3477729728
8.5935879042 10.9725801003 12.4992522367 12.4992522367
8.6309088777 10.5939704804 12.6446805138 12.6446805138
8.6682298513 10.2034060149 12.7837531897 12.7837531897
8.7055508248 9.8020664267 12.9161868432 12.9161868432
8.7428717984 9.3913814483 13.0417232447 13.0417232447
8.7801927719 8.9730723361 13.1601332005 13.1601332005
8.8175137455 8.5492035766 13.2712201890 13.2712201890
8.8548347190 8.1222477840 13.3748237368 13.3748237368
8.8921556926 7.6951671311 13.4708224858 13.4708224858
8.9294766661 7.2715144500 13.5591369023 13.5591369023
8.9667976397 6.8555556061 13.6397315823 13.6397315823
9.0041186132 6.4524103981 13.7126171110 13.7126171110
9.0414395867 6.0681995546 13.7778514328 13.7778514328
9.0787605603 5.7101667828 13.8355406971 13.8355406971
9.1160815338 5.3867139894 13.8858395435 13.8858395435
9.1534025074 5.1072467860 13.9289507965 13.9289507965
9.1907234809 4.8816945766 13.9651245443 13.9651245443
9.2280444545 4.7195917531 13.9946565820 13.9946565820
9.2653654280 4.6287474742 14.0178862049 14.0178862049
9.3026864016 4.6137983527 14.0351933474 14.0351933474
9.3400073751 4.6751783353 14.0469950711 14.0469950711
9.3773283487 4.8089894017 14.0537414148 14.0537414148
9.4146493222 5.0078420185 14.0559106357 14.0559106357
9.4519702958 5.2622614778 14.0540038784 14.0540038784
9.4892912693 5.5620990326 14.0485393284 14.0485393284
9.5266122429 5.8975748664 14.0400459187 14.0400459187
9.5639332164 6.2598644009 14.0290566777 14.0290566777
9.6012541900 6.6413197004 14.0161018192 14.0161018192
9.6385751635 7.0354658405 14.0017016942 14.0017016942
9.6758961371 7.4368874273 13.9863597369 13.9863597369
9.7132171106 7.8410781030 13.9705555485 13.9705555485
9.7505380841 8.2442912083 13.9547382707 13.9547382707
9.7878590577 8.6434078939 13.9393204067 13.9393204067
9.8251800312 9.0358272045 13.9246722425 13.9246722425
9.8625010048 9.4193771803 13.9111170181 13.9111170181
9.8998219783 9.7922439453 13.8989269829 13.8989269829
9.9371429519 10.1529153251 13.8883204511 13.8883204511
9.9744639254 10.5001358148 13.8794599494 13.8794599494
10.0117848990 10.8328702282 13.8724515190 13.8724515190
10.0491058725 11.1502738975 13.8673452032 13.8673452032
10.0864268461 11.4516677664 13.8641367150 13.8641367150
10.1237478196 11.7365171179 13.8627702470 13.8627702470
10.1610687932 12.0044129945 13.8631423507 13.8631423507
10.1983897667 12.2550556155 13.8651067834 13.8651067834
10.2357107403 12.4882392910 13.8684801927 13.8684801927
10.2730317138 12.7038384828 13.8730484896 13.8730484896
10.3103526874 12.9017947781 13.8785737451 13.8785737451
10.3476736609 13.0821046337 13.8848014353 13.8848014353
10.3849946345 13.2448078191 13.8914678586 13.8914678586
10.4223156080 13.3899765379 13.8983075495 13.8983075495
10.4596365815 13.5177052520 13.9050605204 13.9050605204
10.4969575551 13.6281012575 13.9114791744 13.9114791744
10.5342785286 13.7212760864 13.9173347442 13.9173347442
10.5715995022 13.7973378145 13.9224231309 13.9224231309
10.6089204757 13.8563843650 13.9265700292 13.9265700292
10.6462414493 13.8984978917 13.9296352467 13.9296352467
10.6835624228 13.9237403212 13.9315161412 13.9315161412
10.7208833964 13.9321501175 13.9321501175 13.9321501175
