# x_path held_b1_THz held_b2_THz held_b3_THz held_b4_THz held_b5_THz held_b6_THz
0.0000000000 -0.0000001918 0.0000001003 0.0000001633 0.6458973476 2.1800303768 18.8740542234
0.0240182919 0.1777746561 0.1892602594 0.3757065152 0.7236725862 2.2022170547 18.8721882749
0.0480365838 0.3641787283 0.3784822604 0.7489935126 0.9140305170 2.2684560689 18.8665921319
0.0720548757 0.5561688712 0.5676277336 1.1025806999 1.1723527685 2.3778554139 18.8572709013
0.0960731676 0.7502061594 0.7566583876 1.3823093065 1.5195173552 2.5289906855 18.8442330940
0.1200914595 0.9449200099 0.9455358980 1.6374083945 1.8903630131 2.7195975223 18.8274906229
0.1441097514 1.1342218968 1.1399072822 1.8825407964 2.2628734225 2.9459797966 18.8070588015
0.1681280433 1.3226779619 1.3350557120 2.1178329528 2.6346984250 3.2027964885 18.7829563411
0.1921463352 1.5108656070 1.5303187693 2.3447515874 3.0051257887 3.4837359152 18.7552053473
0.2161646271 1.6987462716 1.7256535901 2.5656108802 3.3737474717 3.7826416612 18.7238313171
0.2401829190 1.8862813120 1.9210089521 2.7825980180 3.7402451243 4.0943080788 18.6888631337
0.2642012110 2.0734319915 2.1163267843 2.9973553091 4.1043347224 4.4147030238 18.6503330620
0.2882195029 2.2601594730 2.3115460861 3.2109610558 4.4657480319 4.7408337528 18.6082767425
0.3122377948 2.4464248101 2.5066062043 3.4240564910 4.8242255134 5.0705047279 18.5627331856
0.3362560867 2.6321889407 2.7014489285 3.6369842393 5.1795136795 5.4020929524 18.5137447639
0.3602743786 2.8174126798 2.8960195794 3.8498958363 5.5313646005 5.7343757247 18.4613572047
0.3842926705 3.0020567137 3.0902673929 4.0628252694 5.8795366826 6.0664080789 18.4056195814
0.4083109624 3.1860815952 3.2841454714 4.2757364023 6.2237962831 6.3974378217 18.3465843039
0.4323292543 3.3694477389 3.4776104939 4.4885526584 6.5639198102 6.7268468219 18.2843071083
0.4563475462 3.5521154180 3.6706223149 4.7011752879 6.8996958922 7.0541102543 18.2188470455
0.4803658381 3.7340447616 3.8631435308 4.9134944678 7.2309271203 7.3787683159 18.1502664688
0.5043841300 3.9151957532 4.0551390590 5.1253959569 7.5574308859 7.7004069230 18.0786310205
0.5284024219 4.0955282297 4.2465757527 5.3367650042 7.8790390049 8.0186450832 18.0040096172
0.5524207138 4.2750018824 4.4374220610 5.5474885670 8.1955961273 8.3331272215 17.9264744335
0.5764390057 4.4535762580 4.6276477363 5.7574564905 8.5069572533 8.6435189936 17.8461008846
0.6004572976 4.6312107609 4.8172235870 5.9665620537 8.8129848824 8.9495052905 17.7629676071
0.6244755895 4.8078646575 5.0061212702 6.1747021319 9.1135463356 9.2507893731 17.6771564382
0.6484938814 4.9834970801 5.1943131191 6.3817771304 9.4085116342 9.5470923893 17.5887523931
0.6725121733 5.1580670338 5.3817720012 6.5876907871 9.6977521109 9.8381528507 17.4978436396
0.6965304652 5.3315334027 5.5684712004 6.7923499018 9.9811397328 10.1237259086 17.4045214713
0.7205487571 5.5038549590 5.7543843200 6.9956640288 10.2585470062 10.4035824333 17.3088802777
0.7445670490 5.6749903720 5.9394852022 7.1975451535 10.5298472911 10.6775079777 17.2110175112
0.7685853409 5.8448982193 6.1237478607 7.3979073654 10.7949153662 10.9453017182 17.1110336522
0.7926036329 6.0135369991 6.3071464245 7.5966665336 11.0536281145 11.2067754510 17.0090321691
0.8166219248 6.1808651429 6.4896550887 7.7937399864 11.3058652463 11.4617526948 16.9051194758
0.8406402167 6.3468410311 6.6712480730 7.9890461956 11.5515100016 11.7100679279 16.7994048845
0.8646585086 6.5114230083 6.8518995831 8.1825044629 11.7904498045 11.9515659689 16.6920005541
0.8886768005 6.6745694011 7.0315837766 8.3740346076 12.0225768559 12.1861015006 16.5830214335
0.9126950924 6.8362385365 7.2102747302 8.5635566493 12.2477886593 12.4135387304 16.4725851993
0.9367133843 6.9963887623 7.3879464070 8.7509904844 12.4659884817 12.6337511795 16.3608121880
0.9607316762 7.1549784679 7.5645726248 8.9362555506 12.6770857506 12.8466215954 16.2478253210
0.9847499681 7.3119661072 7.7401270224 9.1192704746 12.8809963871 13.0520419842 16.1337500225
1.0087682600 7.4673102229 7.9145830238 9.2999526985 13.0776430733 13.2499137653 16.0187141302
1.0327865519 7.6209694713 8.0879137994 9.4782180784 13.2669554470 13.4401480555 15.9028477970
1.0568048438 7.7729026493 8.2600922233 9.6539804500 13.4488702101 13.6226661003 15.7862833836
1.0808231357 7.9230687225 8.4310908253 9.8271511538 13.6233311301 13.7973998753 15.6691553414
1.1048414276 8.0714268538 8.6008817367 9.9976385128 13.7902889034 13.9642928959 15.5516000847
1.1288597195 8.2179364350 8.7694366276 10.1653472549 13.9497008339 14.1233012879 15.4337558512
1.1528780114 8.3625571178 8.9367266360 10.3301778715 14.1015302671 14.2743951879 15.3157625508
1.1768963033 8.5052488472 9.1027222844 10.4920259024 14.2457456917 14.4175605699 15.1977616010
1.2009145952 8.6459718963 9.2673933834 10.6507811386 14.3823194048 14.5528016137 15.0798957485
1.2249328871 8.7846869012 9.4307089183 10.8063267316 14.5112256059 14.6801437618 14.9623088765
1.2489511790 8.9213548986 9.5926369158 10.9585381989 14.6324377766 14.7996376204 14.8451457962
1.2729694709 9.0559373633 9.7531442865 11.1072823183 14.7285520228 14.7459252229 14.9113638419
1.2969877629 9.1883962480 9.9121966369 11.2524158998 14.6126735343 14.8516487487 15.0154390318
1.3210060548 9.3186940232 10.0697580450 11.3937844319 14.4976565134 14.9495556675 15.1120224882
1.3450243467 9.4467937192 10.2257907912 11.5312206002 14.3836470712 15.0395748119 15.2013231199
1.3690426386 9.5726589683 10.3802550315 11.6645426852 14.2707909536 15.1216129331 15.2836051600
1.3930609305 9.6962540490 10.5331084019 11.7935528553 14.1592332285 15.1955547366 15.3591904235
1.4170792224 9.8175439305 10.6843055322 11.9180353879 14.0491179557 15.2612692662 15.4284543849
1.4410975143 9.9364943187 10.8337974479 12.0377548719 13.9405878379 15.3186244628 15.4918142196
1.4663847035 9.7997531526 10.6757327493 12.0389870593 14.0388239892 15.2667877484 15.4289806698
1.4916718928 9.6648415365 10.5110363373 12.0370191882 14.1347182338 15.1827820518 15.3953733722
1.5169590820 9.5318992709 10.3404276281 12.0317463207 14.2282426011 15.0814903609 15.3763596179
1.5422462713 9.4010695144 10.1646003479 12.0231147752 14.3193697740 14.9730041639 15.3621146859
1.5675334605 9.2724987302 9.9842386238 12.0111089744 14.4080731096 14.8612066157 15.3490372820
1.5928206498 9.1463365953 9.8000276452 11.9957446553 14.4943266622 14.7477985587 15.3357212253
1.6181078390 9.0227358670 9.6126613827 11.9770657949 14.5781052045 14.6337389968 15.3215119196
1.6433950282 8.9018522026 9.4228486475 11.9551437898 14.5196931058 14.6593842495 15.3060546659
1.6686822175 8.7838439247 9.2313181629 11.9300780036 14.4061880218 14.7381400719 15.2891347410
1.6939694067 8.6688717285 9.0388229868 11.9019970808 14.2936732979 14.8143497292 15.2706125459
1.7192565960 8.5570983239 8.8461444340 11.8710605477 14.1825460195 14.8879910823 15.2503940727
1.7445437852 8.4486880091 8.6540955279 11.8374602697 14.0731614654 14.9590428151 15.2284160868
1.7698309745 8.3438061678 8.4635239208 11.8014213461 13.9658376085 15.0274844547 15.2046380575
1.7951181637 8.2426186897 8.2753141515 11.7632020319 13.8608571957 15.0932963896 15.1790374463
1.8204053530 8.0903890415 8.1452913090 11.7230922946 13.7584693216 15.1516067908 15.1564598885
1.8456925422 7.9097099646 8.0519888598 11.6814106713 13.6588915778 15.1223518156 15.2169571179
1.8709797315 7.7342756651 7.9628744493 11.6384991694 13.5623134210 15.0912901680 15.2747711588
1.8962669207 7.5651192399 7.8781085514 11.5947160806 13.4689011123 15.0584505621 15.3298860236
1.9215541100 7.4033028643 7.7978480235 11.5504267122 13.3788043562 15.0238722030 15.3822866716
1.9468412992 7.2499098240 7.7222450571 11.5059921921 13.2921645811 14.9876044222 15.4319590240
1.9721284884 7.1060334514 7.6514460690 11.4617566440 13.2091246398 14.9497064767 15.4788899783
1.9974156777 6.9727626530 7.5855905493 11.4180331544 13.1298395787 14.9102474874 15.5230674220
2.0227028669 6.8511638879 7.5248098809 11.3750890701 13.0544880094 14.8693065008 15.5644802456
2.0479900562 6.7422597158 7.4692261494 11.3331312722 12.9832835068 14.8269726652 15.6031183549
2.0732772454 6.6470043748 7.4189509661 11.2922922141 12.9164853238 14.7833455174 15.6389726825
2.0985644347 6.5662572578 7.3740843268 11.2526176823 12.8544075407 14.7385353810 15.6720351987
2.1238516239 6.5007555737 7.3347135306 11.2140574686 12.7974255393 14.6926638778 15.7022989219
2.1491388132 6.4510878457 7.3009121853 11.1764603914 12.7459784402 14.6458645585 15.7297579279
2.1744260024 6.4176701216 7.2727393233 11.1395752913 12.7005659498 14.5982836579 15.7544073587
2.1997131917 6.4007267837 7.2502386509 11.1030595990 12.6617380802 14.5500809841 15.7762434308
2.2250003809 6.4002775925 7.2334379529 11.0664966363 12.6300766333 14.5014309506 15.7952634427
2.2502875701 6.4161320933 7.2223486685 11.0294217729 12.6061683622 14.4525237607 15.8114657815
2.2755747594 6.4478918177 7.2169656521 10.9913559260 12.5905713428 14.4035667540 15.8248499294
2.3008619486 6.4949599411 7.2172671260 10.9518429576 12.5837780016 14.3547859246 15.8354164689
2.3261491379 6.5565573417 7.2232148288 10.9104859539 12.5861797968 14.3064276170 15.8431670880
2.3514363271 6.6317434745 7.2347543549 10.8669769318 12.5980389689 14.2587604034 15.8481045844
2.3767235164 6.7194401906 7.2518156772 10.8211156521 12.6194716220 14.2120771425 15.8502328692
2.4020107056 6.8184566238 7.2743138391 10.7728156601 12.6504439313 14.1666972128 15.8495569703
2.4272978949 6.9275134873 7.3021497982 10.7220985278 12.6907803951 14.1229689110 15.8460830347
2.4525850841 7.0452655033 7.3352113995 10.6690794683 12.7401808138 14.0812720068 15.8398183310
2.4778722734 7.1703211515 7.3733744555 10.6139484223 12.7982416927 14.0420204609 15.8307712506
2.5031594626 7.3012593813 7.4165039052 10.5569504088 12.8644779713 14.0056653715 15.8189513093
2.5284466519 7.4366433524 7.4644550295 10.4983678700 12.9383418462 13.9726983536 15.8043691477
2.5537338411 7.5170746942 7.5750316020 10.4385065077 13.0192362797 13.9436559072 15.7870365317
2.5790210303 7.5742025999 7.7149872854 10.3776850999 13.1065209267 13.9191261519 15.7669663523
2.6043082196 7.6356725136 7.8550862841 10.3162291408 13.1995068215 13.8997612938 15.7441726256
2.6295954088 7.7013134656 7.9939250178 10.2544678738 13.2974314359 13.8863042132 15.7186704914
2.6548825981 7.7709508941 8.1301287192 10.1927342634 13.3993921986 13.8796511801 15.6904762128
2.6801697873 7.8444077237 8.2623607042 10.1313676030 13.5041764399 13.8810128826 15.6596071750
2.7054569766 7.9215053685 8.3893327565 10.0707186984 13.6097991656 13.8923626382 15.6260818838
2.7307441658 8.0020646529 8.5098161340 10.0111578643 13.7122066959 13.9177142953 15.5899199640
2.7560313551 8.0859066449 8.6226519125 9.9530862669 13.8028404976 13.9655364808 15.5511421581
2.7813185443 8.1728534001 8.7267585640 9.8969513546 13.8731865689 14.0441793894 15.5097703245
2.8066057336 8.2627286177 8.8211342359 9.8432669243 13.9301076963 14.1465189289 15.4658274360
2.8318929228 8.3553582088 8.9048521163 9.7926370010 13.9856066018 14.2601727583 15.4193375783
2.8571801120 8.4505707828 8.9770515440 9.7457783340 14.0455057746 14.3788050546 15.3703259486
2.8824673013 8.5481980536 9.0369386122 9.7035256108 14.1118797767 14.4996864331 15.3188188543
2.9077544905 8.6480751740 9.0838307458 9.6667836252 14.1853250427 14.6214253396 15.2648437125
2.9330416798 8.7500410020 9.1173008759 9.6363706957 14.2657887575 14.7431494465 15.2084290488
2.9583288690 8.8539383056 9.1374534493 9.6127222595 14.3528751181 14.8642176134 15.1496044975
2.9780177889 8.7191080008 9.0150955150 9.5000308915 14.2355235415 14.7333333330 15.2557613545
2.9977067087 8.5835173014 8.8909939140 9.3855116361 14.1127281482 14.5976017315 15.3612270580
3.0173956285 8.4471872442 8.7652116939 9.2691677542 13.9845200881 14.4570320475 15.4659498246
3.0370845484 8.3101386519 8.6378059718 9.1510080598 13.8509336447 14.3116376428 15.5698784222
3.0567734682 8.1723921221 8.5088288217 9.0310461243 13.7120061782 14.1614359221 15.6729621902
3.0764623880 8.0339680167 8.3783280464 8.9092995932 13.5677780711 14.0064482558 15.7751510574
3.0961513079 7.8948864519 8.2463478427 8.7857896067 13.4182926750 13.8466999058 15.8763955601
3.1158402277 7.7551672890 8.1129293719 8.6605403141 13.2635962602 13.6822199555 15.9766468599
3.1355291475 7.6148301246 7.9781112462 8.5335784694 13.1037379664 13.5130412431 16.0758567601
3.1552180673 7.4738942828 7.8419299442 8.4049330976 12.9387697542 13.3392002999 16.1739777221
3.1749069872 7.3323788069 7.7044201643 8.2746352225 12.7687463585 13.1607372920 16.2709628814
3.1945959070 7.1903024518 7.5656151270 8.1427176456 12.5937252420 12.9776959682 16.3667660627
3.2142848268 7.0476836770 7.4255468328 8.0092147708 12.4137665500 12.7901236127 16.4613417949
3.2339737467 6.9045406405 7.2842462833 7.8741624655 12.2289330657 12.5980710037 16.5546453258
3.2536626665 6.7608911924 7.1417436720 7.7375979566 12.0392901661 12.4015923792 16.6466326355
3.2733515863 6.6167528699 6.9980685484 7.5995597537 11.8449057783 12.2007454099 16.7372604507
3.2930405062 6.4721428928 6.8532499616 7.4600875976 11.6458503366 11.9955911811 16.8264862575
3.3127294260 6.3270781585 6.7073165856 7.3192224318 11.4421967399 11.7861941840 16.9142683147
3.3324183458 6.1815752394 6.5602968287 7.1770063940 11.2340203096 11.5726223185 17.0005656661
3.3521072657 6.0356503789 6.4122189327 7.0334828255 11.0213987484 11.3549469095 17.0853381527
3.3717961855 5.8893194897 6.2631110596 6.8886962997 10.8044120993 11.1332427389 17.1685464245
3.3914851053 5.7425981515 6.1130013717 6.7426926660 10.5831427053 10.9075880953 17.2501519526
3.4111740252 5.5955016099 5.9619181037 6.5955191108 10.3576751706 10.6780648473 17.3301170398
3.4308629450 5.4480447757 5.8098896297 6.4472242344 10.1280963220 10.4447585426 17.4084048318
3.4505518648 5.3002422248 5.6569445256 6.2978581441 9.8944951718 10.2077585403 17.4849793280
3.4702407847 5.1521081986 5.5031116279 6.1474725627 9.6569628817 9.9671581833 17.5598053917
3.4899297045 5.0036566051 5.3484200887 5.9961209530 9.4155927291 9.7230550198 17.6328487603
3.5096186243 4.8549010209 5.1928994292 5.8438586567 9.1704800742 9.4755510871 17.7040760549
3.5293075442 4.7058546930 5.0365795899 5.6907430461 8.9217223300 9.2247532721 17.7734547901
3.5489964640 4.5565305417 4.8794909785 5.5368336855 8.6694189351 8.9707737702 17.8409533829
3.5686853838 4.4069411644 4.7216645157 5.3821924972 8.4136713289 8.7137306684 17.9065411619
3.5883743036 4.2570988391 4.5631316774 5.2268839214 8.1545829314 8.4537486890 17.9701883760
3.6080632235 4.1070155292 4.4039245320 5.0709750565 7.8922591273 8.1909601412 18.0318662028
3.6277521433 3.9567028885 4.2440757735 4.9145357543 7.6268072556 7.9255061454 18.0915467566
3.6474410631 3.8061722669 4.0836187445 4.7576386337 7.3583366069 7.6575382178 18.1492030963
3.6671299830 3.6554347165 3.9225874505 4.6003589528 7.0869584291 7.3872203364 18.2048092332
3.6868189028 3.5045009984 3.7610165569 4.4427742474 6.8127859449 7.1147316586 18.2583401384
3.7065078226 3.3533815898 3.5989413676 4.2849635963 6.5359343849 6.8402701281 18.3097717493
3.7261967425 3.2020866919 3.4363977738 4.1270062888 6.2565210416 6.5640573139 18.3590809770
3.7458856623 3.0506262377 3.2734221673 3.9689795558 5.9746653528 6.2863449733 18.4062457125
3.7655745821 2.8990099011 3.1100513028 3.8109548266 5.6904890279 6.0074240629 18.4512448330
3.7852635020 2.7472471062 2.9463220966 3.6529916797 5.4041162378 5.7276372620 18.4940582080
3.8049524218 2.5953470361 2.7822713393 3.4951281838 5.1156739035 5.4473965991 18.5346667047
3.8246413416 2.4433186437 2.6179352994 3.3373656055 4.8252921428 5.1672085540 18.5730521936
3.8443302615 2.2911706617 2.4533491884 3.1796443743 4.5331049774 4.8877101601 18.6091975535
3.8640191813 2.1389116137 2.2885464525 3.0218066649 4.2392514901 4.6097212276 18.6430866767
3.8837081011 1.9865498252 2.1235578557 2.8635391034 3.9438777879 4.3343196912 18.6747044728
3.9033970210 1.8340934352 1.9584103257 2.7042877973 3.6471404805 4.0629483328 18.7040368739
3.9230859408 1.6815504079 1.7931255611 2.5431401831 3.3492131765 3.7975584945 18.7310708377
3.9427748606 1.5289285453 1.6277184800 2.3786820684 3.0502994163 3.5407813896 18.7557943521
3.9624637805 1.3762354995 1.4621958039 2.2088784884 2.7506605763 3.2960737613 18.7781964376
3.9821527003 1.2234787851 1.2965556263 2.0311003939 2.4506826632 3.0676989969 18.7982671512
4.0018416201 1.0706657930 1.1307902668 1.8424498091 2.1510594575 2.8603275450 18.8159975890
4.0215305399 0.9178038026 0.9648985889 1.6402059890 1.8533895208 2.6781665069 18.8313798884
4.0412194598 0.7648999963 0.7989244567 1.4208080717 1.5624584801 2.5239997843 18.8444072310
4.0609083796 0.6119614723 0.6330660161 1.1745980365 1.2924326865 2.3988537093 18.8550738438
4.0805972994 0.4589952586 0.4679666583 0.8961027702 1.0573878493 2.3025036019 18.8633750012
4.1002862193 0.3053718062 0.3060083270 0.6014468930 0.8561847721 2.2342728537 18.8693070266
4.1199751391 0.1487610620 0.1530076070 0.3015435170 0.7054055498 2.1935640870 18.8728672928
4.1396640589 -0.0000001918 0.0000001003 0.0000001633 0.6458973476 2.1800303768 18.8740542234
4.1549739643 0.0082472664 0.0285357160 0.2400123387 0.6484917351 2.1798436083 18.8724373291
4.1702838697 0.0164931194 0.0570665425 0.4681603420 0.6646982582 2.1792833349 18.8675869233
4.1855937751 0.0247361459 0.0855875909 0.5986957060 0.7792129362 2.1783496524 18.8595038372
4.2009036805 0.0329749333 0.1140939744 0.6187721749 1.0044371992 2.1770427210 18.8481894561
4.2162135858 0.0412080696 0.1425808085 0.6232166449 1.2453104242 2.1753627644 18.8336457190
4.2315234912 0.0494341440 0.1710432120 0.6246511628 1.4890657938 2.1733100707 18.8158751182
4.2468333966 0.0576517466 0.1994763082 0.6250086119 1.7336684298 2.1708849915 18.7948806992
4.2621433020 0.0658594691 0.2278752252 0.6248308896 1.9784970979 2.1680879423 18.7706660600
4.2774532073 0.0740559050 0.2562350969 0.6243243604 2.1649194024 2.2232790274 18.7432353502
4.2927631127 0.0822396496 0.2845510640 0.6235832869 2.1613799147 2.4678613847 18.7125932709
4.3080730181 0.0904093004 0.3128182748 0.6226562994 2.1574700857 2.7121419561 18.6787450733
4.3233829235 0.0985634572 0.3410318858 0.6215708019 2.1531905853 2.9560430696 18.6416965581
4.3386928289 0.1067007227 0.3691870627 0.6203433219 2.1485421468 3.1995002171 18.6014540747
4.3540027342 0.1148197023 0.3972789813 0.6189843898 2.1435255666 3.4424565225 18.5580245194
4.3693126396 0.1229190045 0.4253028282 0.6175010329 2.1381417044 3.6848598197 18.5114153352
4.3846225450 0.1309972413 0.4532538017 0.6158981352 2.1323914826 3.9266610049 18.4616345098
4.3999324504 0.1390530282 0.4811271124 0.6141792192 2.1262758865 4.1678130583 18.4086905744
4.4152423557 0.1470849847 0.5089179845 0.6123469147 2.1197959640 4.4082704369 18.3525926024
4.4305522611 0.1550917340 0.5366216562 0.6104032513 2.1129528253 4.6479886847 18.2933502078
4.4458621665 0.1630719041 0.5642333804 0.6083498460 2.1057476431 4.8869241754 18.2309735432
4.4611720719 0.1710241272 0.5917484262 0.6061880280 2.0981816518 5.1250339375 18.1654732989
4.4764819772 0.1789470404 0.6039189224 0.6191620789 2.0902561479 5.3622755342 18.0968607001
4.4917918826 0.1868392857 0.6015435085 0.6464696414 2.0819724894 5.5986069788 18.0251475056
4.5071017880 0.1946995105 0.5990626609 0.6736664347 2.0733320956 5.8339866748 17.9503460056
4.5224116934 0.2025263677 0.5964771791 0.7007477987 2.0643364470 6.0683733737 17.8724690195
4.5377215988 0.2103185156 0.5937878086 0.7277090931 2.0549870850 6.3017261442 17.7915298942
4.5530315041 0.2180746188 0.5909952570 0.7545456984 2.0452856116 6.5340043509 17.7075425009
4.5683414095 0.2257933478 0.5881002056 0.7812530161 2.0352336890 6.7651676384 17.6205212337
4.5836513149 0.2334733796 0.5851033186 0.8078264701 2.0248330395 6.9951759217 17.5304810066
4.5989612203 0.2411133977 0.5820052499 0.8342615073 2.0140854454 7.2239893790 17.4374372510
4.6142711256 0.2487120927 0.5788066480 0.8605535980 2.0029927481 7.4515684474 17.3414059131
4.6295810310 0.2562681620 0.5755081607 0.8866982373 1.9915568483 7.6778738213 17.2424034514
4.6448909364 0.2637803103 0.5721104376 0.9126909454 1.9797797054 7.9028664516 17.1404468336
4.6602008418 0.2712472499 0.5686141334 0.9385272686 1.9676633376 8.1265075469 17.0355535337
4.6755107472 0.2786677007 0.5650199089 0.9642027800 1.9552098207 8.3487585752 16.9277415292
4.6908206525 0.2860403907 0.5613284338 0.9897130802 1.9424212887 8.5695812665 16.8170292981
4.7061305579 0.2933640559 0.5575403868 1.0150537982 1.9292999328 8.7889376163 16.7034358153
4.7214404633 0.3006374407 0.5536564573 1.0402205919 1.9158480013 9.0067898890 16.5869805499
4.7367503687 0.3078592981 0.5496773460 1.0652091492 1.9020677991 9.2231006222 16.4676834616
4.7520602740 0.3150283899 0.5456037656 1.0900151884 1.8879616873 9.4378326313 16.3455649973
4.7673701794 0.3221434869 0.5414364414 1.1146344591 1.8735320831 9.6509490138 16.2206460876
4.7826800848 0.3292033689 0.5371761112 1.1390627429 1.8587814588 9.8624131547 16.0929481434
4.7979899902 0.3362068255 0.5328235262 1.1632958542 1.8437123418 10.0721887312 15.9624930520
4.8132998956 0.3431526556 0.5283794512 1.1873296407 1.8283273143 10.2802397180 15.8293031737
4.8286098009 0.3500396680 0.5238446644 1.2111599844 1.8126290122 10.4865303923 15.6934013376
4.8439197063 0.3568666815 0.5192199578 1.2347828021 1.7966201255 10.6910253396 15.5548108380
4.8592296117 0.3636325252 0.5145061372 1.2581940461 1.7803033972 10.8936894589 15.4135554304
4.8745395171 0.3703360384 0.5097040223 1.2813897050 1.7636816231 11.0944879676 15.2696593274
4.8898494224 0.3769760711 0.5048144468 1.3043658044 1.7467576512 11.2933864079 15.1231471946
4.9051593278 0.3835514842 0.4998382583 1.3271184075 1.7295343814 11.4903506514 14.9740441463
4.9204692332 0.3900611495 0.4947763183 1.3496436156 1.7120147648 11.6853469049 14.8223757413
4.9357791386 0.3965039498 0.4896295021 1.3719375692 1.6942018032 11.8783417159 14.6681679790
4.9510890440 0.4028787794 0.4843986988 1.3939964484 1.6760985489 12.0693019778 14.5114472941
4.9663989493 0.4091845441 0.4790848113 1.4158164735 1.6577081037 12.2581949354 14.3522405529
4.9817088547 0.4154201614 0.4736887562 1.4373939057 1.6390336188 12.4449881903 14.1905750485
4.9970187601 0.4215845605 0.4682114634 1.4587250479 1.6200782939 12.6296497061 14.0264784959
5.0123286655 0.4276766828 0.4626538767 1.4798062451 1.6008453770 12.8121478138 13.8599790279
5.0276385708 0.4336954819 0.4570169527 1.5006338850 1.5813381634 12.9924512171 13.6911051897
5.0429484762 0.4396399237 0.4513016616 1.5212043991 1.5615599956 13.1705289974 13.5198859347
5.0582583816 0.4455089866 0.4455089866 1.5415142626 1.5415142626 13.3463506191 13.3463506191
5.0822766735 0.5165740690 0.5165740690 1.5689496968 1.5689496968 13.3469964238 13.3469964238
5.1062949654 0.6842113660 0.6842113660 1.6495198730 1.6495198730 13.3489398012 13.3489398012
5.1303132573 0.8899442760 0.8899442760 1.7784913843 1.7784913843 13.3521986513 13.3521986513
5.1543315492 1.1066671056 1.1066671056 1.9491254214 1.9491254214 13.3568028363 13.3568028363
5.1783498411 1.3242677476 1.3242677476 2.1536243358 2.1536243358 13.3627942190 13.3627942190
5.2023681330 1.5397243898 1.5397243898 2.3840338606 2.3840338606 13.3702267059 13.3702267059
5.2263864249 1.7528879782 1.7528879782 2.6331201840 2.6331201840 13.3791662833 13.3791662833
5.2504047168 1.9644922401 1.9644922401 2.8949320960 2.8949320960 13.3896910303 13.3896910303
5.2744230087 2.1752967476 2.1752967476 3.1649001628 3.1649001628 13.4018910899 13.4018910899
5.2984413006 2.3858325724 2.3858325724 3.4396314202 3.4396314202 13.4158685711 13.4158685711
5.3224595926 2.5963982429 2.5963982429 3.7166169754 3.7166169754 13.4317373522 13.4317373522
5.3464778845 2.8071228798 2.8071228798 3.9939722624 3.9939722624 13.4496227446 13.4496227446
5.3704961764 3.0180280492 3.0180280492 4.2702426788 4.2702426788 13.4696609739 13.4696609739
5.3945144683 3.2290722098 3.2290722098 4.5442687551 4.5442687551 13.4919984247 13.4919984247
5.4185327602 3.4401789527 3.4401789527 4.8150956692 4.8150956692 13.5167905887 13.5167905887
5.4425510521 3.6512537471 3.6512537471 5.0819133478 5.0819133478 13.5442006520 13.5442006520
5.4665693440 3.8621933267 3.8621933267 5.3440171171 5.3440171171 13.5743976512 13.5743976512
5.4905876359 4.0728905757 4.0728905757 5.6007821530 5.6007821530 13.6075541321 13.6075541321
5.5146059278 4.2832367124 4.2832367124 5.8516473430 5.8516473430 13.6438432459 13.6438432459
5.5386242197 4.4931218471 4.4931218471 6.0961057339 6.0961057339 13.6834352370 13.6834352370
5.5626425116 4.7024345328 4.7024345328 6.3336997377 6.3336997377 13.7264932964 13.7264932964
5.5866608035 4.9110606477 4.9110606477 6.5640198923 6.5640198923 13.7731687904 13.7731687904
5.6106790954 5.1188817696 5.1188817696 6.7867063569 6.7867063569 13.8235959204 13.8235959204
5.6346973873 5.3257730934 5.3257730934 7.0014525510 7.0014525510 13.8778859278 13.8778859278
5.6587156792 5.5316008617 5.5316008617 7.2080104811 7.2080104811 13.9361210216 13.9361210216
5.6827339711 5.7362192148 5.7362192148 7.4061973800 7.4061973800 13.9983482723 13.9983482723
5.7067522630 5.9394663117 5.9394663117 7.5959033420 7.5959033420 14.0645737756 14.0645737756
5.7307705549 6.1411595073 6.1411595073 7.7770996986 7.7770996986 14.1347574303 14.1347574303
5.7547888468 6.3410893094 6.3410893094 7.9498479624 7.9498479624 14.2088086921 14.2088086921
5.7788071387 6.5390117606 6.5390117606 8.1143092845 8.1143092845 14.2865836393 14.2865836393
5.8028254306 6.7346388257 6.7346388257 8.2707545153 8.2707545153 14.3678836308 14.3678836308
5.8268437226 6.9276263166 6.9276263166 8.4195751152 8.4195751152 14.4524557351 14.4524557351
5.8508620145 7.1175589326 7.1175589326 8.5612952491 8.5612952491 14.5399949882 14.5399949882
5.8748803064 7.3039322311 7.3039322311 8.6965853079 8.6965853079 14.6301483972 14.6301483972
5.8988985983 7.4861319931 7.4861319931 8.8262765822 8.8262765822 14.7225204815 14.7225204815
5.9229168902 7.6634128440 7.6634128440 8.9513755309 8.9513755309 14.8166800321 14.8166800321
5.9469351821 7.8348805885 7.8348805885 9.0730735586 9.0730735586 14.9121677053 14.9121677053
5.9709534740 7.9994868058 7.9994868058 9.1927441585 9.1927441585 15.0085040370 15.0085040370
5.9949717659 8.1560492355 8.1560492355 9.3119142785 9.3119142785 15.1051974847 15.1051974847
6.0189900578 8.3033144683 8.3033144683 9.4321937329 9.4321937329 15.2017521489 15.2017521489
6.0430083497 8.4400743412 8.4400743412 9.5551515303 9.5551515303 15.2976749055 15.2976749055
6.0670266416 8.5653277469 8.5653277469 9.6821475876 9.6821475876 15.3924817603 15.3924817603
6.0910449335 8.6784482173 8.6784482173 9.8141595717 9.8141595717 15.4857033223 15.4857033223
6.1150632254 8.7792956288 8.7792956288 9.9516665505 9.9516665505 15.5768893653 15.5768893653
6.1390815173 8.8682242046 8.8682242046 10.0946372417 10.0946372417 15.6656125100 15.6656125100
6.1630998092 8.9459875033 8.9459875033 10.2426220962 10.2426220962 15.7514710999 15.7514710999
6.1871181011 9.0135872860 9.0135872860 10.3949022159 10.3949022159 15.8340913767 15.8340913767
6.2111363930 9.0721237592 9.0721237592 10.5506374881 10.5506374881 15.9131290751 15.9131290751
6.2351546849 9.1226833168 9.1226833168 10.7089776864 10.7089776864 15.9882705644 15.9882705644
6.2591729768 9.1662720731 9.1662720731 10.8691281178 10.8691281178 16.0592336609 16.0592336609
6.2831912687 9.2037865343 9.2037865343 11.0303783486 11.0303783486 16.1257682342 16.1257682342
6.3072095606 9.2360081378 9.2360081378 11.1921071652 11.1921071652 16.1876567195 16.1876567195
6.3312278526 9.2636104609 9.2636104609 11.3537748608 11.3537748608 16.2447146446 16.2447146446
6.3552461445 9.2871717166 9.2871717166 11.5149101261 11.5149101261 16.2967912738 16.2967912738
6.3792644364 9.3071883999 9.3071883999 11.6750955810 11.6750955810 16.3437704694 16.3437704694
6.4032827283 9.3240880884 9.3240880884 11.8339538426 11.8339538426 16.3855718719 16.3855718719
6.4273010202 9.3382406257 9.3382406257 11.9911347931 11.9911347931 16.4221525067 16.4221525067
6.4513193121 9.3499675357 9.3499675357 12.1463040853 12.1463040853 16.4535089308 16.4535089308
6.4753376040 9.3595497974 9.3595497974 12.2991326285 12.2991326285 16.4796800492 16.4796800492
6.4993558959 9.3672342073 9.3672342073 12.4492866864 12.4492866864 16.5007507401 16.5007507401
6.5246430851 9.3741169936 9.3741169936 12.4199854799 12.4199854799 16.4149361131 16.4149361131
6.5499302744 9.3808884845 9.3808884845 12.3850997102 12.3850997102 16.3297581461 16.3297581461
6.5752174636 9.3874653153 9.3874653153 12.3447715549 12.3447715549 16.2455434092 16.2455434092
6.6005046529 9.3937539233 9.3937539233 12.2991968104 12.2991968104 16.1625888904 16.1625888904
6.6257918421 9.3996497877 9.3996497877 12.2486293672 12.2486293672 16.0811581621 16.0811581621
6.6510790314 9.4050366739 9.4050366739 12.1933844953 12.1933844953 16.0014786417 16.0014786417
6.6763662206 9.4097859373 9.4097859373 12.1338406511 12.1338406511 15.9237401646 15.9237401646
6.7016534099 9.4137559723 9.4137559723 12.0704395767 12.0704395767 15.8480949965 15.8480949965
6.7269405991 9.4167919263 9.4167919263 12.0036845309 12.0036845309 15.7746593072 15.7746593072
6.7522277883 9.4187258434 9.4187258434 11.9341365565 11.9341365565 15.7035160170 15.7035160170
6.7775149776 9.4193774583 9.4193774583 11.8624087323 11.8624087323 15.6347188296 15.6347188296
6.8028021668 9.4185559176 9.4185559176 11.7891583729 11.7891583729 15.5682971898 15.5682971898
6.8280893561 9.4160627583 9.4160627583 11.7150771287 11.7150771287 15.5042618644 15.5042618644
6.8533765453 9.4116965064 9.4116965064 11.6408789162 11.6408789162 15.4426108378 15.4426108378
6.8786637346 9.4052592443 9.4052592443 11.5672856015 11.5672856015 15.3833352331 15.3833352331
6.9039509238 9.3965654015 9.3965654015 11.4950104156 11.4950104156 15.3264250151 15.3264250151
6.9292381131 9.3854528154 9.3854528154 11.4247392356 11.4247392356 15.2718742857 15.2718742857
6.9545253023 9.3717957626 9.3717957626 11.3571101626 11.3571101626 15.2196860402 15.2196860402
6.9798124916 9.3555191882 9.3555191882 11.2926922567 11.2926922567 15.1698763045 15.1698763045
7.0050996808 9.3366128227 9.3366128227 11.2319647887 11.2319647887 15.1224776138 15.1224776138
7.0303868700 9.3151434153 9.3151434153 11.1752988179 11.1752988179 15.0775418278 15.0775418278
7.0556740593 9.2912630963 9.2912630963 11.1229431068 11.1229431068 15.0351422879 15.0351422879
7.0809612485 9.2652120859 9.2652120859 11.0750161917 11.0750161917 14.9953753329 14.9953753329
7.1062484378 9.2373146276 9.2373146276 11.0315057779 11.0315057779 14.9583611852 14.9583611852
7.1315356270 9.2079680527 9.2079680527 10.9922756225 10.9922756225 14.9242442082 14.9242442082
7.1568228163 9.1776259972 9.1776259972 10.9570789746 10.9570789746 14.8931925256 14.8931925256
7.1821100055 9.1467776851 9.1467776851 10.9255767691 10.9255767691 14.8653969791 14.8653969791
7.2073971948 9.1159256351 9.1159256351 10.8973583451 10.8973583451 14.8410693916 14.8410693916
7.2326843840 9.0855640720 9.0855640720 10.8719625347 10.8719625347 14.8204400984 14.8204400984
7.2579715733 9.0561598573 9.0561598573 10.8488974335 10.8488974335 14.8037547127 14.8037547127
7.2832587625 9.0281370835 9.0281370835 10.8276578046 10.8276578046 14.7912701081 14.7912701081
7.3085459518 9.0018658133 9.0018658133 10.8077396953 10.8077396953 14.7832496271 14.7832496271
7.3338331410 8.9776549138 8.9776549138 10.7886523192 10.7886523192 14.7799575648 14.7799575648
7.3591203302 8.9557485833 8.9557485833 10.7699275364 10.7699275364 14.7816530266 14.7816530266
7.3844075195 8.9363259904 8.9363259904 10.7511273676 10.7511273676 14.7885833169 14.7885833169
7.4096947087 8.9195033915 8.9195033915 10.7318499481 10.7318499481 14.8009770729 14.8009770729
7.4349818980 8.9053381178 8.9053381178 10.7117342329 10.7117342329 14.8190374053 14.8190374053
7.4602690872 8.8938338901 8.8938338901 10.6904636411 10.6904636411 14.8429353445 14.8429353445
7.4855562765 8.8849470000 8.8849470000 10.6677687254 10.6677687254 14.8728038973 14.8728038973
7.5108434657 8.8785929709 8.8785929709 10.6434288754 10.6434288754 14.9087330029 14.9087330029
7.5361306550 8.8746533882 8.8746533882 10.6172730363 10.6172730363 14.9507656300 14.9507656300
7.5614178442 8.8729826432 8.8729826432 10.5891794256 10.5891794256 14.9988951822 14.9988951822
7.5867050335 8.8734143947 8.8734143947 10.5590742699 10.5590742699 15.0530642963 15.0530642963
7.6119922227 8.8757675935 8.8757675935 10.5269296302 10.5269296302 15.1131650231 15.1131650231
7.6372794119 8.8798519600 8.8798519600 10.4927604365 10.4927604365 15.1790402965 15.1790402965
7.6625666012 8.8854728406 8.8854728406 10.4566208960 10.4566208960 15.2504865274 15.2504865274
7.6878537904 8.8924354010 8.8924354010 10.4186004629 10.4186004629 15.3272571133 15.3272571133
7.7131409797 8.9005481447 8.9005481447 10.3788195662 10.3788195662 15.4090666295 15.4090666295
7.7384281689 8.9096257682 8.9096257682 10.3374252788 10.3374252788 15.4955954684 15.4955954684
7.7637153582 8.9194913849 8.9194913849 10.2945870891 10.2945870891 15.5864947109 15.5864947109
7.7890025474 8.9299781647 8.9299781647 10.2504928997 10.2504928997 15.6813910396 15.6813910396
7.8142897367 8.9409304482 8.9409304482 10.2053453437 10.2053453437 15.7798915428 15.7798915428
7.8395769259 8.9522043991 8.9522043991 10.1593584723 10.1593584723 15.8815882916 15.8815882916
7.8648641152 8.9636682631 8.9636682631 10.1127548361 10.1127548361 15.9860626088 15.9860626088
7.8901513044 8.9752023017 8.9752023017 10.0657629577 10.0657629577 16.0928889787 16.0928889787
7.9154384937 8.9866984655 8.9866984655 10.0186151718 10.0186151718 16.2016385715 16.2016385715
7.9407256829 8.9980598711 8.9980598711 9.9715457967 9.9715457967 16.3118823756 16.3118823756
7.9660128721 9.0092001410 9.0092001410 9.9247895889 9.9247895889 16.4231939472 16.4231939472
7.9913000614 9.0200426637 9.0200426637 9.8785804279 9.8785804279 16.5351517946 16.5351517946
8.0165872506 9.0305198314 9.0305198314 9.8331501681 9.8331501681 16.6473414219 16.6473414219
8.0362761705 8.9844281174 8.9844281174 9.7401002494 9.7401002494 16.5654138432 16.5654138432
8.0559650903 8.9301043074 8.9301043074 9.6514980146 9.6514980146 16.4809645623 16.4809645623
8.0756540101 8.8665835809 8.8665835809 9.5681857733 9.5681857733 16.3941543567 16.3941543567
8.0953429300 8.7932733351 8.7932733351 9.4906222950 9.4906222950 16.3051580624 16.3051580624
8.1150318498 8.7101170909 8.7101170909 9.4187188707 9.4187188707 16.2141646383 16.2141646383
8.1347207696 8.6176091510 8.6176091510 9.3518247300 9.3518247300 16.1213771291 16.1213771291
8.1544096895 8.5166492405 8.5166492405 9.2888726094 9.2888726094 16.0270124968 16.0270124968
8.1740986093 8.4083240987 8.4083240987 9.2285975360 9.2285975360 15.9313012886 15.9313012886
8.1937875291 8.2937184194 8.2937184194 9.1697264664 9.1697264664 15.8344871072 15.8344871072
8.2134764490 8.1738027330 8.1738027330 9.1110912224 9.1110912224 15.7368258452 15.7368258452
8.2331653688 8.0493915968 8.0493915968 9.0516713926 9.0516713926 15.6385846493 15.6385846493
8.2528542886 7.9211449619 7.9211449619 8.9905943686 8.9905943686 15.5400405808 15.5400405808
8.2725432084 7.7895887530 7.7895887530 8.9271165050 8.9271165050 15.4414789419 15.4414789419
8.2922321283 7.6551403105 7.6551403105 8.8605997758 8.8605997758 15.3431912519 15.3431912519
8.3119210481 7.5181320567 7.5181320567 8.7904905720 8.7904905720 15.2454728631 15.2454728631
8.3316099679 7.3788311577 7.3788311577 8.7163028606 8.7163028606 15.1486202280 15.1486202280
8.3512988878 7.2374549931 7.2374549931 8.6376058642 8.6376058642 15.0529278475 15.0529278475
8.3709878076 7.0941830043 7.0941830043 8.5540156395 8.5540156395 14.9586849504 14.9586849504
8.3906767274 6.9491656607 6.9491656607 8.4651897416 8.4651897416 14.8661719826 14.8661719826
8.4103656473 6.8025312216 6.8025312216 8.3708241967 8.3708241967 14.7756570035 14.7756570035
8.4300545671 6.6543908479 6.6543908479 8.2706521163 8.2706521163 14.6873921095 14.6873921095
8.4497434869 6.5048424866 6.5048424866 8.1644433959 8.1644433959 14.6016100169 14.6016100169
8.4694324068 6.3539738478 6.3539738478 8.0520050466 8.0520050466 14.5185209415 14.5185209415
8.4891213266 6.2018647094 6.2018647094 7.9331817931 7.9331817931 14.4383099106 14.4383099106
8.5088102464 6.0485887221 6.0485887221 7.8078566529 7.8078566529 14.3611346235 14.3611346235
8.5284991663 5.8942148434 5.8942148434 7.6759512806 7.6759512806 14.2871239542 14.2871239542
8.5481880861 5.7388084936 5.7388084936 7.5374259321 7.5374259321 14.2163771562 14.2163771562
8.5678770059 5.5824325055 5.5824325055 7.3922789655 7.3922789655 14.1489637888 14.1489637888
8.5875659258 5.4251479188 5.4251479188 7.2405458559 7.2405458559 14.0849243475 14.0849243475
8.6072548456 5.2670146599 5.2670146599 7.0822977548 7.0822977548 14.0242715415 14.0242715415
8.6269437654 5.1080921359 5.1080921359 6.9176396658 6.9176396658 13.9669921323 13.9669921323
8.6466326853 4.9484397657 4.9484397657 6.7467083452 6.7467083452 13.9130492253 13.9130492253
8.6663216051 4.7881174630 4.7881174630 6.5696700575 6.5696700575 13.8623848918 13.8623848918
8.6860105249 4.6271860817 4.6271860817 6.3867183341 6.3867183341 13.8149230000 13.8149230000
8.7056994447 4.4657078261 4.4657078261 6.1980718887 6.1980718887 13.7705721359 13.7705721359
8.7253883646 4.3037466227 4.3037466227 6.0039728539 6.0039728539 13.7292285110 13.7292285110
8.7450772844 4.1413684368 4.1413684368 5.8046855097 5.8046855097 13.6907787676 13.6907787676
8.7647662042 3.9786415032 3.9786415032 5.6004956922 5.6004956922 13.6551026154 13.6551026154
8.7844551241 3.8156364151 3.8156364151 5.3917111047 5.3917111047 13.6220752504 13.6220752504
8.8041440439 3.6524259758 3.6524259758 5.1786628066 5.1786628066 13.5915695254 13.5915695254
8.8238329637 3.4890846572 3.4890846572 4.9617082565 4.9617082565 13.5634578593 13.5634578593
8.8435218836 3.3256874088 3.3256874088 4.7412364328 4.7412364328 13.5376138847 13.5376138847
8.8632108034 3.1623074045 3.1623074045 4.5176757997 4.5176757997 13.5139138411 13.5139138411
8.8828997232 2.9990120623 2.9990120623 4.2915062570 4.2915062570 13.4922377331 13.4922377331
8.9025886431 2.8358562710 2.8358562710 4.0632767822 4.0632767822 13.4724702732 13.4724702732
8.9222775629 2.6728711536 2.6728711536 3.8336313249 3.8336313249 13.4545016337 13.4545016337
8.9419664827 2.5100458105 2.5100458105 3.6033467374 3.6033467374 13.4382280333 13.4382280333
8.9616554026 2.3472983830 2.3472983830 3.3733881153 3.3733881153 13.4235521806 13.4235521806
8.9813443224 2.1844318996 2.1844318996 3.1449884805 3.1449884805 13.4103836011 13.4103836011
9.0010332422 2.0210714246 2.0210714246 2.9197596791 2.9197596791 13.3986388657 13.3986388657
9.0207221621 1.8565867559 1.8565867559 2.6998351372 2.6998351372 13.3882417421 13.3882417421
9.0404110819 1.6900295101 1.6900295101 2.4880230043 2.4880230043 13.3791232850 13.3791232850
9.0601000017 1.5201678094 1.5201678094 2.2878985321 2.2878985321 13.3712218807 13.3712218807
9.0797889216 1.3457762877 1.3457762877 2.1037006354 2.1037006354 13.3644832577 13.3644832577
9.0994778414 1.1663515793 1.1663515793 1.9399129872 1.9399129872 13.3588604746 13.3588604746
9.1191667612 0.9832812421 0.9832812421 1.8006329220 1.8006329220 13.3543138939 13.3543138939
9.1388556810 0.8014569098 0.8014569098 1.6891114455 1.6891114455 13.3508111485 13.3508111485
9.1585446009 0.6321324312 0.6321324312 1.6077236449 1.6077236449 13.3483271078 13.3483271078
9.1782335207 0.4993425598 0.4993425598 1.5581627993 1.5581627993 13.3468438463 13.3468438463
9.1979224405 0.4455089866 0.4455089866 1.5415142626 1.5415142626 13.3463506191 13.3463506191
